KB742392.1	2	40038	79995	598	0.200295785851349	4.42053568641	autochromosome
KB742414.1	43	860211	899832	168	0.330019852977942	8.21583227112	autochromosome
KB742414.1	44	880011	917621	178	0.215914739092942	4.8774945315	autochromosome
KB742420.1	41	820011	859994	493	0.196880609383302	4.32061893332	autochromosome
KB742420.1	42	840096	879953	540	0.207551270839282	4.63280714849	autochromosome
KB742420.1	43	860051	899943	429	0.190480995539529	4.13338742645	autochromosome
KB742420.1	45	900003	939996	515	0.201652111743348	4.46021729014	autochromosome
KB742420.1	46	920028	944268	327	0.198542210498429	4.36923187907	autochromosome
KB742438.1	2	40037	79881	229	0.187602110990823	4.04916079883	autochromosome
KB742443.1	154	3080003	3119970	439	0.200770686852322	4.43442971693	autochromosome
KB742443.1	160	3200051	3239911	442	0.189280368686949	4.09826106098	autochromosome
KB742443.1	161	3220297	3259973	410	0.208549473417993	4.6620112501	autochromosome
KB742450.1	0	6	39912	324	0.358711563160864	9.05525669003	autochromosome
KB742450.1	1	20171	52333	278	0.303964881943700	7.45355010736	autochromosome
KB742453.1	0	61	39796	348	0.354357782285746	8.92787948045	autochromosome
KB742453.1	1	21559	42304	201	0.341176768352253	8.54224666556	autochromosome
KB742459.1	97	1940025	1979904	165	0.218712193192509	4.95933877386	autochromosome
KB742459.1	98	1960313	1999961	175	0.247981835272385	5.81567156609	autochromosome
KB742459.1	99	1980116	2019822	163	0.219532623547501	4.98334184895	autochromosome
KB742459.1	105	2100293	2139728	195	0.249052850348870	5.84700592024	autochromosome
KB742459.1	111	2220759	2259808	197	0.202024711766844	4.47111833285	autochromosome
KB742459.1	112	2240188	2279696	213	0.201031702685053	4.44206617576	autochromosome
KB742479.1	50	1000003	1039975	774	0.204875851805818	4.554533248	autochromosome
KB742479.1	51	1020100	1059992	1023	0.234517435712040	5.42174782627	autochromosome
KB742479.1	52	1040066	1079961	1075	0.212075626227062	4.7651748034	autochromosome
KB742479.1	56	1120034	1159988	875	0.201432567222906	4.45379414456	autochromosome
KB742496.1	5	100011	139841	614	0.206500193474242	4.60205610574	autochromosome
KB742496.1	6	120021	159999	633	0.207213589532385	4.62292771178	autochromosome
KB742496.1	10	200001	239997	526	0.265772963121712	6.3361810464	autochromosome
KB742496.1	11	220046	259919	594	0.230226216010423	5.29620094944	autochromosome
KB742496.1	14	280004	319984	672	0.189151088076484	4.09447873847	autochromosome
KB742496.1	18	360090	399978	746	0.193562220711616	4.22353387061	autochromosome
KB742502.1	0	14	39913	853	0.208593776275669	4.66330740499	autochromosome
KB742502.1	1	20014	45425	471	0.203044986153230	4.50096818246	autochromosome
KB742504.1	14	280111	319998	900	0.187513878211857	4.04657939993	autochromosome
KB742504.1	15	300009	339977	844	0.243377267200751	5.68095715369	autochromosome
KB742504.1	16	320046	359978	919	0.234368115264937	5.41737920451	autochromosome
KB742504.1	17	340055	379977	996	0.227620815380830	5.21997555557	autochromosome
KB742504.1	21	420029	459979	1036	0.188696218082086	4.08117074887	autochromosome
KB742504.1	22	440069	479988	963	0.200106695275288	4.41500352239	autochromosome
KB742504.1	23	460712	499996	984	0.191906269217640	4.17508621406	autochromosome
KB742504.1	32	640029	679999	1379	0.235032487063454	5.43681652307	autochromosome
KB742504.1	33	660020	699987	1335	0.217033920176459	4.91023806351	autochromosome
KB742504.1	39	780014	819848	1263	0.189448997960818	4.10319459506	autochromosome
KB742504.1	59	1180010	1219993	1148	0.186593099527436	4.01964046505	autochromosome
KB742504.1	62	1240007	1279979	1026	0.205771034442508	4.58072332729	autochromosome
KB742504.1	65	1300008	1339966	1290	0.197282530645549	4.33237781837	autochromosome
KB742504.1	66	1320036	1359903	1323	0.212008690910474	4.76321649771	autochromosome
KB742504.1	67	1340016	1379997	1287	0.189406598034453	4.10195411364	autochromosome
KB742581.1	16	320064	348613	703	0.206925719738400	4.61450559497	autochromosome
KB742603.1	43	0	0	0	NA	NA	autochromosome
KB742605.1	49	980118	1019987	989	0.192225288055658	4.18441964874	autochromosome
KB742605.1	50	1000045	1039930	1110	0.199398970214213	4.39429783094	autochromosome
KB742605.1	51	1020020	1059952	1078	0.275170539606746	6.61112301152	autochromosome
KB742605.1	52	1040001	1079962	937	0.333139601405493	8.30710577814	autochromosome
KB742605.1	82	1640014	1679953	1389	0.204840934253011	4.55351167605	autochromosome
KB742605.1	90	1800030	1839969	1639	0.199564154482364	4.39913057557	autochromosome
KB742605.1	91	1820012	1859993	1414	0.211006357555755	4.73389154327	autochromosome
KB742605.1	92	1840019	1879995	1592	0.188956503262982	4.08878583125	autochromosome
KB742605.1	98	1960021	1999381	1520	0.191536894057844	4.16427952018	autochromosome
KB742605.1	100	2011539	2039937	1094	0.212367547420298	4.77371545073	autochromosome
KB742605.1	101	2020017	2059966	1538	0.253323062364174	5.97193818175	autochromosome
KB742605.1	102	2040015	2079942	1530	0.221942695645527	5.05385257688	autochromosome
KB742611.1	114	0	0	0	NA	NA	autochromosome
KB742619.1	27	540002	579686	883	0.206613503543484	4.6053711831	autochromosome
KB742619.1	28	560045	599977	737	0.217362241596239	4.91984366092	autochromosome
KB742622.1	2	40009	79953	485	0.211069201675753	4.7357301541	autochromosome
KB742622.1	3	61702	99942	580	0.187517979665117	4.04669939487	autochromosome
KB742639.1	51	1020059	1059987	1218	0.217672868825278	4.92893158491	autochromosome
KB742639.1	52	1040029	1079921	1132	0.236195807574587	5.47085142855	autochromosome
KB742668.1	70	1400006	1439629	296	0.298648837010584	7.29802023826	autochromosome
KB742668.1	71	1420809	1459919	197	0.316551409470531	7.8217902188	autochromosome
KB742710.1	16	320006	359912	2202	0.186221210219327	4.00876021552	autochromosome
KB742710.1	17	340009	379981	1931	0.187689695105059	4.05172321995	autochromosome
KB742716.1	0	47	39431	151	0.206137471480340	4.59144406146	autochromosome
KB742724.1	1	21204	59896	188	0.221467762406887	5.0399576032	autochromosome
KB742724.1	6	120069	159662	202	0.210300585918312	4.71324300253	autochromosome
KB742736.1	53	1060053	1099798	166	0.206247348331297	4.59465869422	autochromosome
KB742736.1	54	1087160	1101508	124	0.287042717141146	6.95846360796	autochromosome
KB742750.1	62	1240088	1279978	823	0.188547109400796	4.07680832267	autochromosome
KB742750.1	101	2020090	2059975	240	0.252270842106768	5.94115370175	autochromosome
KB742750.1	102	2040142	2079820	264	0.306954498675346	7.54101639193	autochromosome
KB742750.1	103	2060146	2099907	255	0.259349659961597	6.1482564686	autochromosome
KB742750.1	104	2080032	2119847	255	0.207900698343598	4.64303024003	autochromosome
KB742750.1	105	2100011	2139955	216	0.281157384878036	6.78627827695	autochromosome
KB742750.1	106	2120537	2159993	207	0.333664870134829	8.32247340158	autochromosome
KB742750.1	107	2140244	2179959	227	0.291947971085844	7.10197509319	autochromosome
KB742750.1	108	2160194	2199889	245	0.314544246853658	7.76306728794	autochromosome
KB742750.1	109	2180105	2219834	245	0.301148111008335	7.37114071835	autochromosome
KB742750.1	110	2200243	2239893	219	0.239878215410621	5.57858648645	autochromosome
KB742750.1	111	2220135	2259681	236	0.236164873620585	5.4699464035	autochromosome
KB742750.1	112	2240279	2279385	286	0.200233700769624	4.41871928253	autochromosome
KB742750.1	113	2260080	2299733	290	0.214710711985705	4.84226868583	autochromosome
KB742750.1	114	2280085	2319716	296	0.241900834072920	5.63776161002	autochromosome
KB742750.1	115	2300007	2339687	274	0.237673870389279	5.51409465147	autochromosome
KB742750.1	116	2320278	2359772	276	0.222752651104600	5.0775491912	autochromosome
KB742750.1	117	2340092	2379912	284	0.240468775642324	5.59586432302	autochromosome
KB742750.1	118	2360249	2399974	273	0.248227795902754	5.82286755956	autochromosome
KB742750.1	119	2380140	2419716	267	0.219745470362892	4.98956904187	autochromosome
KB742750.1	120	2400056	2439959	198	0.210519063067976	4.71963492038	autochromosome
KB742750.1	121	2420105	2459370	185	0.202003452549682	4.47049635856	autochromosome
KB742757.1	0	203	39842	344	0.217541663913911	4.92509296372	autochromosome
KB742762.1	8	160406	199968	624	0.220608168179480	5.0148087229	autochromosome
KB742785.1	54	1080026	1114305	292	0.187719466165679	4.05259422259	autochromosome
KB742785.1	55	1100045	1135482	127	0.322571061490956	7.99790530107	autochromosome
KB742796.1	0	38	39655	302	0.265610783757879	6.33143621532	autochromosome
KB742796.1	1	20041	59817	357	0.286813625199261	6.95176113645	autochromosome
KB742796.1	2	40083	79982	404	0.232707387484288	5.36879180964	autochromosome
KB742796.1	3	60587	99369	325	0.217172923360706	4.91430483633	autochromosome
KB742796.1	4	80085	119935	327	0.276691427906263	6.65561916629	autochromosome
KB742796.1	5	100377	139968	403	0.252550304444772	5.94932984424	autochromosome
KB742796.1	6	120027	141329	241	0.242126039874398	5.64435038593	autochromosome
KB742845.1	0	4	39961	1044	0.258423392406913	6.12115694755	autochromosome
KB742845.1	1	20006	59984	1115	0.260558611778774	6.18362639497	autochromosome
KB742845.1	2	40013	79981	1152	0.258323893074542	6.11824592661	autochromosome
KB742845.1	3	60007	99982	1137	0.286564772834209	6.94448054039	autochromosome
KB742845.1	4	80024	119976	1295	0.243512580976343	5.68491598664	autochromosome
KB742845.1	5	100039	140000	1498	0.284078480859632	6.87173987131	autochromosome
KB742845.1	6	120037	159981	1709	0.214909287489835	4.84807834744	autochromosome
KB742855.1	49	0	0	0	NA	NA	autochromosome
KB742858.1	27	540016	579982	841	0.212466942092232	4.77662340965	autochromosome
KB742858.1	28	560140	599950	948	0.195509678414889	4.28051003342	autochromosome
KB742858.1	31	620023	659940	1108	0.212080513256523	4.76531778169	autochromosome
KB742858.1	32	640051	679990	1169	0.224910302997378	5.14067493989	autochromosome
KB742872.1	0	132	39996	506	0.218820828007839	4.96251706878	autochromosome
KB742872.1	1	20095	59997	539	0.191425596468994	4.16102332133	autochromosome
KB742872.1	2	40038	79986	682	0.200679280009726	4.43175545543	autochromosome
KB742872.1	3	60032	99986	743	0.236277591901353	5.4732441671	autochromosome
KB742872.1	4	80063	119937	717	0.200819829332764	4.43586746315	autochromosome
KB742872.1	5	100009	139969	644	0.201866795805489	4.46649823481	autochromosome
KB742872.1	6	120050	159979	501	0.230021566308953	5.29021357693	autochromosome
KB742872.1	10	200321	239096	534	0.237573561665559	5.51115995041	autochromosome
KB742872.1	11	220001	259983	576	0.214407364173989	4.83339373349	autochromosome
KB742874.1	1	20043	59995	651	0.210158686072681	4.70909148299	autochromosome
KB742874.1	2	40024	79775	610	0.359659006884915	9.08297575565	autochromosome
KB742874.1	3	60162	99931	495	0.404210025575901	10.3863910187	autochromosome
KB742874.1	4	80011	106698	310	0.327421276956904	8.13980654269	autochromosome
KB742877.1	12	240074	279862	150	0.243551977051800	5.68606858533	autochromosome
KB742877.1	13	260170	299806	182	0.221353527661904	5.03661547288	autochromosome
KB742887.1	0	1972	38381	181	0.226799147459795	5.19593627339	autochromosome
KB742887.1	1	20567	59785	209	0.193610660720016	4.22495106483	autochromosome
KB742887.1	2	41594	79531	213	0.230794303802531	5.31282131685	autochromosome
KB742887.1	3	60163	99184	205	0.263709148142280	6.27580065504	autochromosome
KB742887.1	4	80490	119779	185	0.214420780049343	4.83378623757	autochromosome
KB742887.1	5	100334	139895	165	0.244326660592544	5.70873326014	autochromosome
KB742887.1	6	120183	159862	192	0.214289992236369	4.82995981931	autochromosome
KB742887.1	8	160051	199842	195	0.247936963792918	5.8143587752	autochromosome
KB742887.1	9	181633	219772	223	0.230724681275342	5.31078439228	autochromosome
KB742887.1	10	200464	239924	202	0.226004395663250	5.17268446788	autochromosome
KB742887.1	11	220611	259807	182	0.283095034889692	6.8429674992	autochromosome
KB742887.1	12	240016	279481	187	0.215283668623442	4.85903149954	autochromosome
KB742887.1	13	260297	299839	194	0.230333277551379	5.29933321556	autochromosome
KB742887.1	14	280581	319211	183	0.301698220989392	7.38723511455	autochromosome
KB742887.1	15	300072	339833	216	0.220606557909933	5.01476161175	autochromosome
KB742887.1	17	340141	379679	238	0.216302329074281	4.88883413074	autochromosome
KB742887.1	18	360136	399788	246	0.218890529445937	4.96455630202	autochromosome
KB742887.1	19	380128	419866	243	0.195266748410867	4.27340270604	autochromosome
KB742887.1	27	540169	579989	209	0.286027751505982	6.92876907483	autochromosome
KB742887.1	28	560080	599887	220	0.275018914916395	6.60668697523	autochromosome
KB742887.1	29	580667	619813	191	0.186912531836634	4.02898599653	autochromosome
KB742887.1	33	660002	699987	190	0.222992958134891	5.08457977906	autochromosome
KB742887.1	34	680138	719778	181	0.303481433241813	7.43940599942	autochromosome
KB742887.1	35	700292	739530	207	0.209199271964865	4.68102220358	autochromosome
KB742887.1	40	800092	839747	312	0.187286008268290	4.03991268004	autochromosome
KB742887.1	41	820103	859989	299	0.202780325195898	4.49322507935	autochromosome
KB742887.1	51	1022232	1059921	202	0.231758180571745	5.34102115895	autochromosome
KB742887.1	52	1040262	1079726	268	0.203292078869363	4.50819729701	autochromosome
KB742887.1	61	1220165	1259837	332	0.213309240799603	4.80126628031	autochromosome
KB742887.1	62	1240138	1279755	292	0.206166601686286	4.59229631481	autochromosome
KB742887.1	131	2620018	2659928	733	0.205350761650359	4.56842753725	autochromosome
KB742887.1	132	2640016	2679983	652	0.205870717163757	4.58363971359	autochromosome
KB742916.1	0	49	39607	418	0.426725454607880	11.0451179058	autochromosome
KB742916.1	1	20016	43840	255	0.478440198676100	12.5581200486	autochromosome
KB742928.1	56	1120069	1159995	516	0.194849281898230	4.26118901844	autochromosome
KB742929.1	39	780069	819946	600	0.207422094630429	4.62902788042	autochromosome
KB742929.1	40	800010	839979	589	0.246682580262089	5.77765966735	autochromosome
KB742929.1	43	860141	899965	658	0.215394887442154	4.86228539384	autochromosome
KB742929.1	44	880014	919892	599	0.217459357752953	4.92268495803	autochromosome
KB742929.1	90	1800017	1839998	1294	0.311066459935459	7.66131876043	autochromosome
KB742929.1	91	1820001	1859946	1254	0.322272642366661	7.9891745458	autochromosome
KB742929.1	92	1840017	1879987	1063	0.215396405028459	4.86232979339	autochromosome
KB742934.1	42	840083	879842	323	0.231328174537775	5.32844060649	autochromosome
KB742934.1	43	860090	899842	398	0.251553026999627	5.92015280897	autochromosome
KB742956.1	23	460054	500000	619	0.218704555039130	4.95911530679	autochromosome
KB742956.1	24	480264	519940	681	0.193037182641814	4.2081729955	autochromosome
KB742969.1	2	40002	79952	291	0.265099571524676	6.31647983841	autochromosome
KB742969.1	3	60183	99893	337	0.221551444607614	5.04240586725	autochromosome
KB742969.1	5	100111	139679	286	0.200642268758467	4.43067262879	autochromosome
KB742969.1	8	160091	199820	242	0.199069274493327	4.38465202603	autochromosome
KB742969.1	9	180118	219963	250	0.242296540146550	5.64933865923	autochromosome
KB742993.1	32	640030	679955	595	0.194113189852585	4.23965340297	autochromosome
KB742993.1	33	660123	699951	596	0.194044746177881	4.23765096772	autochromosome
KB742993.1	36	720230	759977	624	0.217926078516502	4.93633966189	autochromosome
KB742993.1	37	740027	779979	597	0.275071247799649	6.60821806207	autochromosome
KB742993.1	38	760086	799704	549	0.249633302918345	5.86398804009	autochromosome
KB742993.1	39	780065	819898	604	0.257923062567798	6.10651895345	autochromosome
KB742993.1	40	800122	839922	713	0.266340678313194	6.35279051275	autochromosome
KB742993.1	41	820064	860000	642	0.248014744683152	5.81663438646	autochromosome
KB742993.1	42	840330	879848	553	0.263569113044499	6.27170369184	autochromosome
KB742993.1	43	860071	899802	519	0.268496328177997	6.41585768873	autochromosome
KB742993.1	44	880175	919994	563	0.204813983682902	4.55272319162	autochromosome
KB742993.1	46	920022	959891	546	0.187060663624532	4.03331984206	autochromosome
KB742997.1	19	380115	419987	436	0.193200363438897	4.2129471252	autochromosome
KB742997.1	20	400095	439962	482	0.210561024459810	4.72086257174	autochromosome
KB742999.1	15	300025	339987	877	0.187180509643318	4.03682613966	autochromosome
KB743013.1	22	440085	479960	1509	0.294325594452383	7.1715364787	autochromosome
KB743013.1	23	460021	499999	2064	0.327399873675211	8.13918035355	autochromosome
KB743013.1	24	480025	519996	1837	0.271451088786698	6.50230419858	autochromosome
KB743019.1	2	40268	79944	192	0.292838247512954	7.12802163304	autochromosome
KB743045.1	61	1220022	1259997	726	0.207553181365830	4.63286304416	autochromosome
KB743045.1	62	1240023	1279976	689	0.245221358723957	5.73490916441	autochromosome
KB743045.1	63	1260315	1299969	750	0.190371144006995	4.13017353442	autochromosome
KB743045.1	64	1280010	1319949	912	0.191806093351796	4.17215539999	autochromosome
KB743072.1	17	340048	379902	660	0.231491654461862	5.33322348766	autochromosome
KB743072.1	18	360024	399934	554	0.194022742110638	4.23700720159	autochromosome
KB743078.1	4	81265	119881	506	0.231828105520553	5.34306693138	autochromosome
KB743078.1	5	100138	139985	635	0.243286914701220	5.67831373879	autochromosome
KB743078.1	6	120008	141200	392	0.296676204857798	7.24030755442	autochromosome
KB743128.1	0	10	39997	231	0.585846389299484	15.700469479	autochromosome
KB743128.1	1	22272	59915	266	0.614917484834491	16.5509934569	autochromosome
KB743128.1	2	40017	78974	266	0.596993886968693	16.0266083426	autochromosome
KB743128.1	3	60048	86644	164	0.544200737074591	14.4820556168	autochromosome
KB743133.1	0	442	39883	247	0.252420164517237	5.94552238096	autochromosome
KB743133.1	1	20044	59813	258	0.252714386068528	5.95413032915	autochromosome
KB743133.1	2	40085	79811	270	0.286115275310438	6.93132973149	autochromosome
KB743133.1	3	60011	99743	343	0.293608384266858	7.15055328392	autochromosome
KB743133.1	4	80019	119731	317	0.298012075383492	7.27939070188	autochromosome
KB743133.1	5	100654	139952	229	0.380611793525998	9.69598490145	autochromosome
KB743133.1	6	120027	159625	242	0.377174639414311	9.59542515529	autochromosome
KB743133.1	7	140030	179950	208	0.353708691310278	8.90888922816	autochromosome
KB743133.1	8	164129	199895	195	0.338729353619295	8.47064341581	autochromosome
KB743133.1	9	180038	210993	172	0.374821785620956	9.52658844547	autochromosome
KB743149.1	6	120136	159913	161	0.210674600056090	4.72418541755	autochromosome
KB743157.1	0	715	39496	189	0.205583095638272	4.5752248603	autochromosome
KB743217.1	66	1320125	1342966	144	0.220081155304722	4.99939007154	autochromosome
KB743236.1	0	1	39875	335	0.308311914985033	7.58072989767	autochromosome
KB743236.1	1	21890	59996	322	0.377009310297826	9.59058817288	autochromosome
KB743236.1	2	40666	79755	341	0.276673306290788	6.65508898784	autochromosome
KB743269.1	13	0	0	0	NA	NA	autochromosome
KB743270.1	0	275	39986	317	0.499783873538839	13.1825652892	autochromosome
KB743270.1	1	20018	53295	216	0.468946136028301	12.2803552179	autochromosome
KB743300.1	0	77	39992	405	0.190234178488115	4.12616637694	autochromosome
KB743300.1	32	640077	679974	417	0.224565677206873	5.13059233059	autochromosome
KB743300.1	33	660016	699941	504	0.211416511657643	4.74589129395	autochromosome
KB743321.1	18	0	0	0	NA	NA	autochromosome
KB743323.1	7	140181	179503	250	0.212114755142400	4.76631958587	autochromosome
KB743323.1	8	160098	199931	238	0.200358300317602	4.42236465266	autochromosome
KB743323.1	12	240010	279899	281	0.236744090415945	5.48689236869	autochromosome
KB743323.1	13	260028	299069	237	0.230921555959952	5.31654429354	autochromosome
KB743323.1	14	280019	319747	242	0.286711138599527	6.94876271795	autochromosome
KB743323.1	15	301798	339508	303	0.298814529016084	7.3028678376	autochromosome
KB743351.1	24	480004	519907	1064	0.220786113921228	5.02001482599	autochromosome
KB743351.1	25	500008	539958	1132	0.191760126502174	4.1708105622	autochromosome
KB743351.1	36	720019	759986	1214	0.188463769094378	4.07437006131	autochromosome
KB743351.1	67	1340174	1379961	670	0.191540041496236	4.16437160381	autochromosome
KB743351.1	68	1360016	1399935	671	0.203798763699180	4.5230212171	autochromosome
KB743351.1	69	1380158	1419989	719	0.209388961745130	4.68657189834	autochromosome
KB743351.1	72	1440092	1479885	646	0.214027913260606	4.82229225643	autochromosome
KB743351.1	79	1580006	1619988	578	0.218164576439424	4.94331732126	autochromosome
KB743351.1	80	1600208	1639933	601	0.227150317889821	5.20621035717	autochromosome
KB743351.1	81	1620031	1659979	603	0.187470844344275	4.04532037148	autochromosome
KB743351.1	96	1920006	1959828	676	0.205450882783205	4.57135675002	autochromosome
KB743351.1	97	1940003	1979933	651	0.237058314605523	5.49608552783	autochromosome
KB743351.1	98	1960148	1999989	736	0.244114253828760	5.70251894168	autochromosome
KB743351.1	99	1980019	2019993	762	0.218384548361995	4.94975297121	autochromosome
KB743351.1	109	2180033	2219998	686	0.187088536173247	4.03413530052	autochromosome
KB743351.1	110	2200002	2239987	630	0.219123759643076	4.97137984518	autochromosome
KB743351.1	111	2220241	2259118	531	0.287768405618935	6.97969484949	autochromosome
KB743351.1	112	2240004	2279944	529	0.231597479448818	5.3363195763	autochromosome
KB743392.1	0	3	39925	513	0.276243988845218	6.64252858119	autochromosome
KB743399.1	41	0	0	0	NA	NA	autochromosome
KB743426.1	29	0	0	0	NA	NA	autochromosome
KB743435.1	0	8	39946	143	0.255024194437792	6.02170767242	autochromosome
KB743435.1	47	941810	979826	126	0.230696670475237	5.30996488903	autochromosome
KB743435.1	48	960249	999915	156	0.231553340215946	5.33502820853	autochromosome
KB743435.1	56	1120101	1158986	172	0.194533060938939	4.25193744043	autochromosome
KB743435.1	57	1140247	1179704	149	0.246465834132431	5.77131839342	autochromosome
KB743435.1	58	1160082	1199487	211	0.207162127179474	4.62142209376	autochromosome
KB743435.1	62	1240206	1279625	179	0.199668640636074	4.40218749439	autochromosome
KB743435.1	63	1260151	1299858	173	0.185931467854208	4.00028331348	autochromosome
KB743435.1	72	1440025	1479713	238	0.203117855346277	4.50310009372	autochromosome
KB743435.1	75	1500055	1539823	186	0.188535225602606	4.07646064209	autochromosome
KB743435.1	76	1520283	1559841	163	0.379747217257643	9.67069026314	autochromosome
KB743435.1	77	1540067	1579899	215	0.223451886215938	5.09800649484	autochromosome
KB743435.1	80	1600030	1639978	160	0.202387598891248	4.4817352083	autochromosome
KB743435.1	81	1620227	1659248	164	0.187125151412652	4.03520654117	autochromosome
KB743435.1	85	1702456	1739688	194	0.232331347724381	5.35779013163	autochromosome
KB743435.1	86	1720040	1759689	176	0.298150834693601	7.28345033975	autochromosome
KB743435.1	87	1740087	1779168	192	0.245160034043948	5.73311500737	autochromosome
KB743435.1	88	1760489	1799896	212	0.297873478081447	7.27533580382	autochromosome
KB743435.1	89	1780983	1819859	245	0.264919392972037	6.31120841067	autochromosome
KB743435.1	142	2847379	2864961	176	0.255468610063488	6.03470980182	autochromosome
KB743563.1	0	660	39887	274	0.224323226642878	5.12349903003	autochromosome
KB743563.1	1	20280	54976	246	0.205491420897897	4.572542761	autochromosome
KB743575.1	10	200084	239790	126	0.243045329456968	5.67124575462	autochromosome
KB743575.1	11	220065	259725	116	0.202465508948870	4.48401459857	autochromosome
KB743575.1	13	260046	299914	155	0.254617180999592	6.00979980716	autochromosome
KB743575.1	14	280504	318669	168	0.246231812557261	5.76447169716	autochromosome
KB743615.1	0	92	39944	294	0.257451923476604	6.09273498396	autochromosome
KB743615.1	1	20495	43080	192	0.253027288029879	5.96328480427	autochromosome
KB743670.1	13	260043	299999	1005	0.197579687958063	4.34107165721	autochromosome
KB743670.1	14	280044	319886	968	0.221419915702836	5.03855776709	autochromosome
KB743670.1	15	300127	339982	821	0.201596299164188	4.45858439891	autochromosome
KB743673.1	0	446	39923	119	0.300965656316473	7.36580269832	autochromosome
KB743673.1	1	20013	42879	108	0.240152980956760	5.58662521637	autochromosome
KB743674.1	0	487	39826	321	0.369259159608998	9.36384443063	autochromosome
KB743674.1	1	20307	42469	218	0.310604329292653	7.6477983483	autochromosome
KB743687.1	0	114	39998	734	0.265891902236407	6.339660811	autochromosome
KB743687.1	1	20010	59943	819	0.245464139541728	5.7420121271	autochromosome
KB743687.1	2	40080	79841	820	0.192425642478199	4.19028135561	autochromosome
KB743700.1	31	620027	659976	867	0.223331310777528	5.09447885683	autochromosome
KB743700.1	32	640009	679956	841	0.221333410625130	5.03602691501	autochromosome
KB743700.1	33	660050	699999	913	0.247750595989782	5.80890627049	autochromosome
KB743700.1	34	680010	719989	944	0.257704755454958	6.10013201032	autochromosome
KB743700.1	35	700006	739979	907	0.231287278935025	5.32724413659	autochromosome
KB743700.1	36	720002	759863	783	0.196224873835959	4.30143428286	autochromosome
KB743700.1	38	760020	799961	568	0.289338206971836	7.02562203822	autochromosome
KB743700.1	39	780093	819878	634	0.304731298001010	7.47597290298	autochromosome
KB743700.1	40	800019	839940	606	0.226664277401147	5.19199042214	autochromosome
KB743700.1	41	820021	859947	606	0.189844016475480	4.11475152858	autochromosome
KB743700.1	42	840004	879979	722	0.201236248567510	4.44805051087	autochromosome
KB743700.1	43	860070	899980	619	0.251082490320711	5.90638646407	autochromosome
KB743700.1	44	880016	919798	553	0.251466298299995	5.91761541445	autochromosome
KB743700.1	45	900013	939863	611	0.203051331911111	4.50115383832	autochromosome
KB743700.1	49	980125	1019895	567	0.242654758212932	5.65981893351	autochromosome
KB743700.1	50	1000015	1039953	587	0.429063439852473	11.1135196111	autochromosome
KB743700.1	51	1020027	1059891	703	0.455370867711311	11.8831878254	autochromosome
KB743700.1	52	1040113	1079948	762	0.378739784360292	9.64121611297	autochromosome
KB743700.1	53	1060058	1099979	747	0.299606246230318	7.32603086129	autochromosome
KB743700.1	54	1080039	1119926	762	0.208113189849093	4.64924703775	autochromosome
KB743700.1	67	1340107	1379982	810	0.188795977140055	4.08408936852	autochromosome
KB743700.1	70	1400024	1439974	812	0.241630276847869	5.62984600164	autochromosome
KB743700.1	71	1420030	1459935	777	0.206561535866500	4.60385078098	autochromosome
KB743712.1	0	1	36697	66	0.345811747083292	8.67785079313	autochromosome
KB743712.1	1	0	0	0	NA	NA	autochromosome
KB743717.1	0	75	39193	253	0.524916533168146	13.9178636758	autochromosome
KB743717.1	1	20529	52900	197	0.608828487266531	16.3728495536	autochromosome
KB743774.1	0	351	39984	130	0.239179857081583	5.55815483456	autochromosome
KB743839.1	4	80100	119781	296	0.187057083383328	4.03321509606	autochromosome
KB743839.1	9	180063	219987	441	0.207260628933263	4.62430392886	autochromosome
KB743839.1	10	202372	238798	418	0.226394176047848	5.18408815106	autochromosome
KB743867.1	0	352	39899	170	0.333927082535274	8.33014486802	autochromosome
KB743869.1	2	40016	62779	373	0.198137952328533	4.35740462383	autochromosome
KB743889.1	9	180020	219999	1758	0.186223547765496	4.00882860438	autochromosome
KB743948.1	6	121199	159595	113	0.195144191661399	4.26981710143	autochromosome
KB743948.1	11	220073	259860	120	0.187624649633580	4.04982020488	autochromosome
KB743948.1	12	240266	279782	153	0.189049852987008	4.09151693502	autochromosome
KB744056.1	0	1132	39948	33	0.713330844209112	19.4302424274	autochromosome
KB744056.1	1	20292	56818	63	0.654687103159992	17.7145207803	autochromosome
KB744121.1	3	60033	88478	96	0.203958805275420	4.52770350359	autochromosome
KB744139.1	23	460071	499974	1227	0.207645807196427	4.63557296921	autochromosome
KB744170.1	25	0	0	0	NA	NA	autochromosome
KB744198.1	8	160504	199980	157	0.223275187629819	5.0928368794	autochromosome
KB744198.1	9	181126	219726	192	0.191113967639443	4.15190609382	autochromosome
KB744206.1	9	180158	219897	273	0.317185441342019	7.84033989158	autochromosome
KB744206.1	10	200007	220781	112	0.476386102769563	12.4980240051	autochromosome
KB744230.1	0	206	39939	360	0.296493445321946	7.23496061567	autochromosome
KB744230.1	1	20202	59980	419	0.312320075244368	7.69799539265	autochromosome
KB744230.1	2	40341	66653	297	0.319526079065244	7.90881919965	autochromosome
KB744262.1	0	139	39318	429	0.286306462553867	6.93692323706	autochromosome
KB744262.1	1	20505	59948	426	0.320850205708842	7.94755876001	autochromosome
KB744262.1	2	40131	79947	361	0.358463374854278	9.04799552212	autochromosome
KB744262.1	3	62114	99577	406	0.332227413851995	8.2804181913	autochromosome
KB744291.1	0	2	39926	604	0.207576532630218	4.63354622483	autochromosome
KB744484.1	0	107	39957	322	0.435645747066920	11.3060961209	autochromosome
KB744484.1	1	20100	43446	205	0.403533396708901	10.366595099	autochromosome
KB744548.1	1	26654	49835	103	0.192457524449012	4.19121411649	autochromosome
KB744652.1	1	0	0	0	NA	NA	autochromosome
KB744673.1	2	40477	79967	124	0.240194437663719	5.58783810232	autochromosome
KB744673.1	3	60014	99950	92	0.242798048367471	5.66401112888	autochromosome
KB744673.1	22	440062	479921	148	0.196457408786021	4.3082374854	autochromosome
KB744673.1	23	460297	497652	137	0.394394662697453	10.0992260074	autochromosome
KB744673.1	24	480285	519946	138	0.329764546028230	8.20836283529	autochromosome
KB744699.1	18	360022	399976	620	0.241702843506854	5.63196906176	autochromosome
KB744699.1	19	380421	419945	574	0.241408098923533	5.62334581138	autochromosome
KB744699.1	20	400013	439740	451	0.224846325731017	5.13880317695	autochromosome
KB744699.1	21	420319	459810	334	0.220539142433744	5.01278925818	autochromosome
KB745003.1	6	120842	159986	244	0.197973587306827	4.35259584764	autochromosome
KB745030.1	4	80367	117701	254	0.204358614737230	4.53940060436	autochromosome
KB745030.1	5	101641	139985	220	0.222443007126411	5.06849003388	autochromosome
KB745034.1	0	126	39859	169	0.187543736922397	4.04745296691	autochromosome
KB745151.1	0	83	39448	143	0.523864698632748	13.8870904807	autochromosome
KB745151.1	1	20005	59393	149	0.651165082434245	17.6114781181	autochromosome
KB745151.1	2	40162	78998	142	0.633533534776163	17.0956374257	autochromosome
KB745238.1	0	2	39351	173	0.219280506354288	4.97596573484	autochromosome
KB745238.1	1	20741	58557	172	0.204560972593130	4.54532092506	autochromosome
KB745238.1	5	100021	139981	123	0.201555935462524	4.45740349068	autochromosome
KB745238.1	7	140249	179545	139	0.222764298798866	5.07788996416	autochromosome
KB745238.1	8	160698	199929	165	0.198658496974322	4.37263403623	autochromosome
KB745238.1	10	200050	235898	134	0.195077883081964	4.267877132	autochromosome
KB745353.1	0	176	39990	41	0.747954748739632	20.4432232067	autochromosome
KB745353.1	1	20462	45925	36	0.778506682754673	21.3370716143	autochromosome
KB745484.1	2	40176	76799	103	0.199682038031170	4.4025794578	autochromosome
KB746083.1	0	2	39584	205	0.495178465318557	13.0478262969	autochromosome
KB746083.1	1	20329	43484	145	0.540692297269591	14.3794102873	autochromosome
KB746317.1	0	15	39962	233	0.568610525948830	15.196205199	autochromosome
KB746317.1	1	20160	54496	296	0.503880846002976	13.3024291352	autochromosome
KB746437.1	0	3	39979	939	0.226126809522600	5.176265892	autochromosome
KB746977.1	0	5497	37751	37	0.713466458490239	19.4342100521	autochromosome
KB746977.1	1	22172	45374	48	0.512030710098820	13.540867168	autochromosome
KB747170.1	0	2	37950	404	0.211299696428723	4.74247366722	autochromosome
KB747170.1	1	20291	48890	268	0.263610598674248	6.27291742398	autochromosome
KB748461.1	0	3	39759	244	0.269978776220678	6.45922920889	autochromosome
KB748461.1	1	20048	59746	248	0.384575891826215	9.81196128944	autochromosome
KB748461.1	5	100012	139417	197	0.195990543083375	4.2945785411	autochromosome
KB748461.1	8	160178	199750	191	0.249140459835527	5.84956908368	autochromosome
KB748461.1	9	180349	219932	192	0.289301157268460	7.0245380866	autochromosome
KB748461.1	10	200016	222951	109	0.238274495126117	5.53166694212	autochromosome
KB751826.1	2	0	0	0	NA	NA	autochromosome
