KB742392.1	2	40038	79995	143	-0.177207469956684	-1.25598098758
KB742414.1	43	860083	899832	42	-0.163917479956319	-0.90497294766
KB742414.1	44	880011	917621	52	-0.199299109526698	-1.83945344347
KB742420.1	41	820011	859994	182	-0.143452801309140	-0.36447090519
KB742420.1	42	840006	879953	203	-0.150958598774160	-0.56270997506
KB742420.1	43	860051	899943	154	-0.151575392694133	-0.579000403035
KB742420.1	45	900003	939999	188	-0.111008596111217	0.492427924161
KB742420.1	46	920028	944271	142	-0.120079289230367	0.252857675243
KB742438.1	2	40037	79881	36	-0.133624157751982	-0.104882078561
KB742443.1	154	3080003	3119970	160	-0.104923470015050	0.653144988933
KB742443.1	160	3200051	3239911	182	-0.102433427702872	0.718910641977
KB742443.1	161	3220061	3259973	165	-0.110354354683086	0.509707395501
KB742450.1	0	6	39912	90	-0.135886754008459	-0.164640549192
KB742450.1	1	20171	52333	79	-0.115987786510805	0.360920235854
KB742453.1	0	61	39796	181	-0.214263889561729	-2.23469513348
KB742453.1	1	21559	42327	115	-0.260426818821266	-3.45392549528
KB742459.1	97	1940025	1979904	68	-0.129426556478535	0.00598269976703
KB742459.1	98	1960313	1999961	65	-0.174206143051580	-1.17671156194
KB742459.1	99	1980115	2019822	59	-0.105314619685169	0.642814155048
KB742459.1	105	2100257	2139728	60	-0.207086496263883	-2.04512969715
KB742459.1	111	2220487	2259808	81	-0.148050933624237	-0.485914293122
KB742459.1	112	2240188	2279696	88	-0.186377295199495	-1.49816946063
KB742479.1	50	1000003	1039975	207	-0.122395713361968	0.191677531839
KB742479.1	51	1020100	1059992	367	-0.131427832917547	-0.0468739329455
KB742479.1	52	1040066	1079961	401	-0.127648880151694	0.0529337270504
KB742479.1	56	1120034	1159988	286	-0.158140848290305	-0.752403671206
KB742496.1	5	100011	139994	257	-0.151277877971791	-0.571142604833
KB742496.1	6	120021	159999	295	-0.151840191647252	-0.585994130006
KB742496.1	10	200001	239997	204	-0.177089971103512	-1.25287767132
KB742496.1	11	220046	259919	240	-0.147401537517274	-0.468762793788
KB742496.1	14	280004	319984	230	-0.177502853628868	-1.26378250164
KB742496.1	18	360090	399978	204	-0.166952302905448	-0.985127052732
KB742502.1	0	14	39976	414	-0.138778761921742	-0.24102270065
KB742502.1	1	20014	45425	181	-0.126982680722863	0.0705290266485
KB742504.1	14	280111	319998	254	-0.154464057883369	-0.655294268271
KB742504.1	15	300005	339977	250	-0.159874731304748	-0.798198053168
KB742504.1	16	320046	359978	336	-0.123875471532296	0.152594958044
KB742504.1	17	340055	379977	325	-0.133208723576031	-0.0939098554206
KB742504.1	21	420029	459997	279	-0.186458227986623	-1.5003070137
KB742504.1	22	440069	480000	274	-0.128838836370085	0.0215052459303
KB742504.1	23	460013	499996	264	-0.080784972942804	1.29067793996
KB742504.1	32	640029	679999	140	-0.126774517913233	0.0760269103784
KB742504.1	33	660020	699987	255	-0.074576573294105	1.45465083924
KB742504.1	39	780014	819848	313	-0.112786332120500	0.445475320577
KB742504.1	59	1180010	1219993	305	-0.156652591944298	-0.713096648183
KB742504.1	62	1240007	1279979	376	-0.130835042254702	-0.0312174660374
KB742504.1	65	1300008	1339966	441	-0.114181884176773	0.408616753199
KB742504.1	66	1320036	1359939	407	-0.130642878169909	-0.0261421319893
KB742504.1	67	1340016	1379997	353	-0.130761467246419	-0.0292742426456
KB742581.1	16	320064	348613	296	-0.101874008427809	0.73368572181
KB742603.1	43	860014	880085	207	-0.114263074629325	0.406472394805
KB742605.1	49	980118	1019987	332	-0.143601022917078	-0.368385654266
KB742605.1	50	1000045	1039934	459	-0.119045998459402	0.280148393158
KB742605.1	51	1020020	1059952	439	-0.124298754069825	0.141415448215
KB742605.1	52	1040001	1079962	354	-0.150531433432121	-0.551427914696
KB742605.1	82	1640014	1679953	552	-0.127462702720851	0.0578509448268
KB742605.1	90	1800024	1839969	775	-0.107285223578245	0.590767629057
KB742605.1	91	1820012	1859993	616	-0.112849795815979	0.44379915172
KB742605.1	92	1840019	1879995	600	-0.143122172249263	-0.355738508985
KB742605.1	98	1960021	1999638	573	-0.137311531538659	-0.202271004007
KB742605.1	100	2011440	2039950	466	-0.137369706418356	-0.203807487518
KB742605.1	101	2020017	2059966	583	-0.136944756638189	-0.192583943377
KB742605.1	102	2040015	2079942	526	-0.160257682160075	-0.808312344384
KB742611.1	114	0	0	0	NA	NA
KB742619.1	27	540002	579972	237	-0.141251552279407	-0.306332704387
KB742619.1	28	560045	599977	188	-0.158124127751563	-0.751962057365
KB742622.1	2	40009	79953	153	-0.189734866823356	-1.58684782942
KB742622.1	3	61410	99942	226	-0.166390236722110	-0.970282064187
KB742639.1	51	1020059	1059987	452	-0.099454532418645	0.797587615761
KB742639.1	52	1040029	1079921	368	-0.120597666487199	0.239166575035
KB742668.1	70	1400006	1439629	49	-0.143904371069862	-0.376397521884
KB742668.1	71	1420809	1459919	20	-0.252578581637317	-3.24664209246
KB742710.1	16	320006	359912	656	-0.107479592606011	0.585634059245
KB742710.1	17	340009	379981	692	-0.093122059345431	0.964837475335
KB742716.1	0	47	39682	49	-0.155513309993667	-0.683006548461
KB742724.1	1	21204	59896	48	-0.117663389736571	0.316665108202
KB742724.1	6	120069	159662	77	-0.162396152318365	-0.864792463532
KB742736.1	53	1060053	1099798	78	-0.126311669703589	0.0882514073753
KB742736.1	54	1087160	1101508	43	-0.086175487887647	1.14830656986
KB742750.1	62	1240088	1279978	236	-0.075635988093118	1.4266701476
KB742750.1	101	2020090	2059975	77	-0.190760944190430	-1.61394803081
KB742750.1	102	2040142	2079820	78	-0.269337531534331	-3.6892704281
KB742750.1	103	2060146	2099936	61	-0.202046289804694	-1.91201048562
KB742750.1	104	2080032	2119847	76	-0.107185941641399	0.593389809965
KB742750.1	105	2100011	2139955	57	-0.127589276805594	0.0545079384446
KB742750.1	106	2120537	2159993	26	-0.122014500173795	0.201745928728
KB742750.1	107	2140244	2179959	28	-0.053277874110766	2.01718058178
KB742750.1	108	2160194	2199889	49	-0.129685663950674	-0.00086070688132
KB742750.1	109	2180105	2219834	66	-0.234029431741081	-2.75673196106
KB742750.1	110	2200151	2239893	56	-0.230356075982273	-2.6597132722
KB742750.1	111	2220135	2259737	73	-0.130592034557294	-0.0247992779461
KB742750.1	112	2240210	2279650	88	-0.131215219943816	-0.0412585138843
KB742750.1	113	2260080	2299733	66	-0.176877523509469	-1.24726662018
KB742750.1	114	2280085	2319716	66	-0.213583871734523	-2.2167348698
KB742750.1	115	2300007	2339687	58	-0.182513231017218	-1.39611388385
KB742750.1	116	2320278	2359772	56	-0.140695974180909	-0.291659075635
KB742750.1	117	2340092	2379912	74	-0.156202429869953	-0.701207210542
KB742750.1	118	2360249	2399974	80	-0.106779097561939	0.604135156115
KB742750.1	119	2380129	2419716	73	-0.093589416917476	0.952493879493
KB742750.1	120	2400056	2439959	46	-0.123781147651416	0.155086189455
KB742750.1	121	2420105	2459398	56	-0.107147591788689	0.594402685568
KB742757.1	0	109	39842	173	-0.149806337604006	-0.532277075201
KB742762.1	8	160406	199968	163	-0.175726857115429	-1.21687584068
KB742785.1	54	1080026	1114723	72	-0.193222140788371	-1.67895182643
KB742785.1	55	1100045	1135484	23	-0.356859090140945	-6.00084257651
KB742796.1	0	1	39983	99	-0.195178579793401	-1.73062423704
KB742796.1	1	20041	59833	135	-0.264027314775716	-3.54901985033
KB742796.1	2	40079	79982	174	-0.244932408626831	-3.04469549948
KB742796.1	3	60478	99369	118	-0.195826829877054	-1.74774546823
KB742796.1	4	80085	119935	126	-0.277970493685360	-3.91727956304
KB742796.1	5	100193	139968	174	-0.163021272073197	-0.881302788961
KB742796.1	6	120027	141330	93	-0.068417984934964	1.61730814963
KB742845.1	0	4	39961	209	-0.248141616466787	-3.12945536412
KB742845.1	1	20006	59984	290	-0.276938472232517	-3.89002236967
KB742845.1	2	40013	79981	314	-0.217163288113632	-2.31127248249
KB742845.1	3	60007	99982	311	-0.185401635029070	-1.47240085101
KB742845.1	4	80024	119976	337	-0.217610255398192	-2.32307754107
KB742845.1	5	100039	140000	351	-0.213194296754981	-2.2064456258
KB742845.1	6	120037	159981	429	-0.161539650024720	-0.842170987423
KB742855.1	49	0	0	0	NA	NA
KB742858.1	27	540016	579982	296	-0.128513707648848	0.0300923701615
KB742858.1	28	560140	599950	363	-0.100235829175277	0.776952427688
KB742858.1	31	620023	659940	332	-0.146498095348614	-0.444901567046
KB742858.1	32	640051	679990	421	-0.129723033044972	-0.00184767922238
KB742872.1	0	132	39996	190	-0.264069215672642	-3.5501265142
KB742872.1	1	20095	59997	158	-0.250573871332729	-3.19369476634
KB742872.1	2	40038	79998	255	-0.212603321951127	-2.19083711837
KB742872.1	3	60024	99986	312	-0.250517444910872	-3.19220446215
KB742872.1	4	80028	119937	277	-0.239186038902427	-2.89292548508
KB742872.1	5	100009	139995	272	-0.233605549430350	-2.74553661035
KB742872.1	6	120050	159979	233	-0.257786917270073	-3.38420184093
KB742872.1	10	200321	239096	197	-0.197266660272844	-1.7857734912
KB742872.1	11	220001	259983	215	-0.227705968112931	-2.58972005409
KB742874.1	1	20043	59995	182	-0.172321483814783	-1.12693495981
KB742874.1	2	40024	79915	211	-0.195336592299391	-1.73479757803
KB742874.1	3	60053	99931	220	-0.158217510476514	-0.754428431474
KB742874.1	4	80011	106698	122	-0.108988656362237	0.545777482139
KB742877.1	12	240074	279862	76	-0.138804563465746	-0.241704157099
KB742877.1	13	260170	299806	86	-0.093507784401752	0.954649913421
KB742887.1	0	1877	38501	74	-0.188162283086634	-1.54531359689
KB742887.1	1	20122	59785	76	-0.129714089254447	-0.00161146065625
KB742887.1	2	41314	79531	69	-0.067508634388822	1.64132542525
KB742887.1	3	60163	99184	72	-0.096087134876380	0.886525501412
KB742887.1	4	80490	119779	50	-0.150227723156119	-0.543406482875
KB742887.1	5	100334	139895	49	-0.081269795920341	1.27787305726
KB742887.1	6	120183	159862	64	-0.056250950358946	1.93865729723
KB742887.1	8	160051	199842	81	-0.115143879495028	0.383209052285
KB742887.1	9	181590	219772	106	-0.108023584739350	0.57126643275
KB742887.1	10	200464	239924	89	-0.110544138400261	0.504694930438
KB742887.1	11	220611	259807	75	-0.087277812607608	1.11919256456
KB742887.1	12	240016	279481	82	-0.081234035921968	1.27881753102
KB742887.1	13	260297	299839	79	-0.087501848514208	1.11327544916
KB742887.1	14	280293	319211	86	-0.027338545244846	2.70227612977
KB742887.1	15	300072	339833	104	-0.058522249329462	1.87866897522
KB742887.1	17	340141	379679	80	-0.070152206154515	1.57150483518
KB742887.1	18	360136	399788	102	-0.068646048196397	1.61128466591
KB742887.1	19	380128	419866	110	-0.106587661855245	0.609191252634
KB742887.1	27	540169	579989	73	-0.134025730761452	-0.115488208057
KB742887.1	28	560080	599887	92	-0.189259925399609	-1.57430393299
KB742887.1	29	580667	619813	84	-0.168644697772784	-1.02982567215
KB742887.1	33	660002	699987	62	-0.154769794319811	-0.663369213947
KB742887.1	34	680138	719778	70	-0.176080650747121	-1.22622004705
KB742887.1	35	700292	739530	63	-0.076913090394618	1.39294001119
KB742887.1	40	800092	839747	105	-0.057065556219794	1.91714236708
KB742887.1	41	820103	859989	92	-0.162314669286116	-0.862640377681
KB742887.1	51	1022232	1059921	55	-0.162172888724558	-0.858895746044
KB742887.1	52	1040261	1079726	86	-0.113174160349516	0.435232210801
KB742887.1	61	1220165	1259837	92	-0.238880990417354	-2.88486870921
KB742887.1	62	1240138	1279755	97	-0.241933873625197	-2.96549981208
KB742887.1	131	2620018	2659928	244	-0.142184896150321	-0.330983678744
KB742887.1	132	2640016	2679983	227	-0.183202409110651	-1.41431608353
KB742916.1	0	49	39607	173	-0.237287543610644	-2.84278345253
KB742916.1	1	20016	43924	107	-0.296596433397030	-4.40921782558
KB742928.1	56	1120069	1159995	149	-0.210656009415597	-2.13940575114
KB742929.1	39	780069	819946	129	-0.097193984024421	0.85729199936
KB742929.1	40	800010	839979	134	-0.095591205459529	0.899623721391
KB742929.1	43	860141	899965	167	-0.108298227004908	0.564012729526
KB742929.1	44	880014	919892	164	-0.091936609354501	0.996146940408
KB742929.1	90	1800017	1839998	374	-0.023581665694575	2.80150080392
KB742929.1	91	1820001	1859946	433	-0.054353697114898	1.98876652549
KB742929.1	92	1840017	1879987	339	-0.086778483664764	1.13238057098
KB742934.1	42	840071	879890	130	-0.113538511307745	0.425609170025
KB742934.1	43	860090	899842	174	-0.131775695463993	-0.0560614906929
KB742956.1	23	460054	500000	291	-0.121302000668434	0.220564080947
KB742956.1	24	480264	519940	320	-0.135416450943266	-0.152219158576
KB742969.1	2	40002	79952	46	-0.225945008015357	-2.54321052682
KB742969.1	3	60183	99893	78	-0.163234869155767	-0.886944199774
KB742969.1	5	100111	139679	58	-0.208424623804568	-2.08047159923
KB742969.1	8	160091	199914	62	-0.193730292929111	-1.69237286639
KB742969.1	9	180118	219978	54	-0.206362961735485	-2.02602009386
KB742993.1	32	640030	679973	230	-0.177137707031634	-1.25413844688
KB742993.1	33	660001	699969	244	-0.163022046978270	-0.881323255336
KB742993.1	36	720001	759978	261	-0.264403972157702	-3.55896792173
KB742993.1	37	740027	779979	223	-0.205653865084327	-2.00729181599
KB742993.1	38	760086	799704	209	-0.172694705303323	-1.13679228424
KB742993.1	39	780005	819898	240	-0.128398476127253	0.0331358028903
KB742993.1	40	800122	839922	307	-0.116385952443938	0.350404092219
KB742993.1	41	820064	860000	262	-0.149223623111337	-0.516886734659
KB742993.1	42	840146	879848	188	-0.166012671323199	-0.960310010738
KB742993.1	43	860071	899898	166	-0.183063537727396	-1.41064828754
KB742993.1	44	880175	919994	124	-0.203776735466241	-1.95771408208
KB742993.1	46	920022	959891	160	-0.181515967351551	-1.36977469439
KB742997.1	19	380115	419987	163	-0.215398681432469	-2.26466664363
KB742997.1	20	400095	439962	152	-0.197582112793152	-1.79410505284
KB742999.1	15	300025	340000	235	-0.203376438060700	-1.94714164314
KB743013.1	22	440085	479960	640	-0.035868750044648	2.47698096651
KB743013.1	23	460021	499999	887	-0.004992813654791	3.29245952689
KB743013.1	24	480025	519996	585	-0.027384544622897	2.70106121904
KB743019.1	2	40268	79944	110	-0.152128102463520	-0.593598275027
KB743045.1	61	1220022	1259997	158	-0.163616468356561	-0.89702279182
KB743045.1	62	1240023	1279976	148	-0.137670752452118	-0.211758552811
KB743045.1	63	1260315	1299969	141	-0.120570324426420	0.239888718781
KB743045.1	64	1280010	1319949	221	-0.102147032932530	0.726474746011
KB743072.1	17	340048	379902	229	-0.123250393875472	0.169104171603
KB743072.1	18	360024	399934	218	-0.148211891469774	-0.490165424829
KB743078.1	4	81215	119881	150	-0.154314556513803	-0.651345718821
KB743078.1	5	100138	139985	184	-0.141827499729096	-0.321544317444
KB743078.1	6	120008	141200	100	-0.173253659433013	-1.1515550789
KB743128.1	0	10	39997	137	-0.380731415359916	-6.63134554027
KB743128.1	1	22272	59915	115	-0.270143459986935	-3.71055617522
KB743128.1	2	40017	78974	88	-0.222656470382623	-2.45635544652
KB743128.1	3	60048	86644	63	-0.307292539389659	-4.69171760166
KB743133.1	0	442	39883	80	-0.128551971773606	0.0290817587592
KB743133.1	1	20044	59813	68	-0.198398754366443	-1.81567374912
KB743133.1	2	40085	79811	91	-0.216584374699076	-2.29598253397
KB743133.1	3	60011	99839	144	-0.160057461796471	-0.80302423225
KB743133.1	4	80019	119731	113	-0.135296577045026	-0.149053113902
KB743133.1	5	100654	139952	73	-0.282296450060629	-4.03153438701
KB743133.1	6	120027	159666	96	-0.274145845166441	-3.81626501149
KB743133.1	7	140030	179950	90	-0.141176990362946	-0.304363415309
KB743133.1	8	164129	199895	88	-0.193606469892500	-1.6891025192
KB743133.1	9	180038	210993	77	-0.372678255576525	-6.41864983239
KB743149.1	6	120136	159913	66	-0.317951984379836	-4.97324910715
KB743157.1	0	500	39876	79	-0.064627456038797	1.71742155213
KB743217.1	66	1320125	1343067	43	-0.347062123833672	-5.7420903923
KB743236.1	0	1	39875	140	-0.210889833002062	-2.14558137346
KB743236.1	1	21890	59996	123	-0.185501616895713	-1.47504151809
KB743236.1	2	40512	79806	123	-0.184077427436581	-1.43742659509
KB743269.1	13	260002	283304	350	-0.182544210559377	-1.39693209879
KB743270.1	0	275	39986	158	-0.217627867729508	-2.32354270846
KB743270.1	1	20018	53297	93	-0.219582711538877	-2.37517298763
KB743300.1	0	77	39992	125	-0.195639610310843	-1.74280072613
KB743300.1	32	640077	679974	201	-0.122365157517720	0.192484556299
KB743300.1	33	660016	699941	208	-0.114826390534943	0.39159439927
KB743321.1	18	0	0	0	NA	NA
KB743323.1	7	140106	179736	83	-0.110329892664187	0.510353473136
KB743323.1	8	160098	199931	69	-0.057400156003089	1.90830509827
KB743323.1	12	240010	279899	89	-0.154483780988550	-0.655815184275
KB743323.1	13	260028	299069	75	-0.140494801457298	-0.286345810283
KB743323.1	14	280019	319947	75	-0.111624265334587	0.476167201066
KB743323.1	15	301798	339752	100	-0.099268250456577	0.80250759436
KB743351.1	24	480002	519907	275	-0.166229387811431	-0.966033809609
KB743351.1	25	500008	539958	358	-0.118405995897509	0.297051795252
KB743351.1	36	720019	759986	377	-0.100938144676208	0.758403249895
KB743351.1	67	1340174	1379961	223	-0.075224470197803	1.43753893605
KB743351.1	68	1360016	1399935	260	-0.098379150816913	0.825990013971
KB743351.1	69	1380158	1419989	278	-0.121657173546157	0.211183446678
KB743351.1	72	1440092	1479885	254	-0.120601215564673	0.239072838717
KB743351.1	79	1580006	1619988	181	-0.161356717520618	-0.837339472899
KB743351.1	80	1600208	1639986	217	-0.142725486063406	-0.345261447635
KB743351.1	81	1620031	1659979	238	-0.152258156789564	-0.597033199663
KB743351.1	96	1920005	1959828	237	-0.120915830372632	0.230763402286
KB743351.1	97	1940003	1979933	218	-0.152671177064278	-0.607941668148
KB743351.1	98	1960148	1999989	243	-0.172192878364704	-1.1235383021
KB743351.1	99	1980019	2019993	279	-0.153899378602932	-0.640380264016
KB743351.1	109	2180033	2219998	253	-0.145809244383258	-0.426708007296
KB743351.1	110	2200002	2239987	201	-0.152941564305728	-0.615082989973
KB743351.1	111	2220038	2259152	168	-0.152187337100818	-0.595162748283
KB743351.1	112	2240004	2279944	223	-0.138182740117088	-0.225280894569
KB743392.1	0	3	39925	227	-0.128429646411096	0.0323125501839
KB743399.1	41	0	0	0	NA	NA
KB743426.1	29	0	0	0	NA	NA
KB743435.1	0	1	39946	55	-0.220190727617868	-2.39123158
KB743435.1	47	941810	979826	50	-0.215435347738442	-2.26563505431
KB743435.1	48	960249	999915	78	-0.242863108592715	-2.9900422643
KB743435.1	56	1120101	1158986	58	-0.139631395672675	-0.263542002898
KB743435.1	57	1140247	1179704	41	-0.157112004718980	-0.725230410327
KB743435.1	58	1160082	1199487	67	-0.141045396217106	-0.300887821784
KB743435.1	62	1240021	1279625	84	-0.196355645868788	-1.76171227066
KB743435.1	63	1260151	1299858	90	-0.183767693526397	-1.4292460703
KB743435.1	72	1440025	1479713	56	-0.238394080584237	-2.8720087096
KB743435.1	75	1500055	1539823	78	-0.116581461397321	0.345240415308
KB743435.1	76	1520283	1559841	46	-0.140641523444726	-0.290220952192
KB743435.1	77	1540067	1579899	64	-0.119683573670887	0.263309100933
KB743435.1	80	1600030	1639978	28	-0.244830899672994	-3.0420144998
KB743435.1	81	1620227	1659248	47	-0.204490967764060	-1.97657799987
KB743435.1	85	1702321	1739835	50	-0.217252468176174	-2.31362785815
KB743435.1	86	1720040	1759689	39	-0.189818402946564	-1.58905414041
KB743435.1	87	1740087	1779606	54	-0.137059968890498	-0.195626867176
KB743435.1	88	1760489	1799896	70	-0.301740232223462	-4.54507306277
KB743435.1	89	1780983	1819887	107	-0.245145509523151	-3.05032380528
KB743435.1	142	2847379	2864961	43	-0.172308983808100	-1.12660481638
KB743563.1	0	660	39887	88	-0.155886150203887	-0.692853802778
KB743563.1	1	20280	55026	91	-0.209093257597147	-2.09813119393
KB743575.1	10	200084	239889	47	-0.223723982531156	-2.48455000098
KB743575.1	11	220065	259725	59	-0.242153247540197	-2.97129379747
KB743575.1	13	260046	299930	61	-0.221111433143265	-2.4155487572
KB743575.1	14	280504	319339	79	-0.205846772369546	-2.01238677904
KB743615.1	0	92	39944	151	-0.222606229413985	-2.45502850919
KB743615.1	1	20304	43080	81	-0.220255694750503	-2.39294745683
KB743670.1	13	260043	299999	292	-0.163820710118136	-0.902417114946
KB743670.1	14	280044	319952	318	-0.135486102899198	-0.154058768427
KB743670.1	15	300127	339982	320	-0.143638702730148	-0.369380833144
KB743673.1	0	446	39923	68	-0.097883842810769	0.839071821586
KB743673.1	1	20013	44049	56	-0.056624561138111	1.92878969106
KB743674.1	0	230	39826	158	-0.179534648749329	-1.31744517729
KB743674.1	1	20017	42469	93	-0.134411807433812	-0.125685056664
KB743687.1	0	18	39998	289	-0.166356019579235	-0.969378339485
KB743687.1	1	20010	59943	272	-0.187822585203387	-1.53634167982
KB743687.1	2	40080	79901	351	-0.205563766664017	-2.00491218516
KB743700.1	31	620027	659976	220	-0.116348792950250	0.351385528702
KB743700.1	32	640009	679956	248	-0.131349152391131	-0.0447958653656
KB743700.1	33	660037	699999	313	-0.133623641525589	-0.104868444268
KB743700.1	34	680010	719989	288	-0.109745917677456	0.525777105167
KB743700.1	35	700006	739979	229	-0.079696089207004	1.31943694924
KB743700.1	36	720002	759863	251	-0.068464216956800	1.61608709443
KB743700.1	38	760020	799961	150	-0.137563982721075	-0.208938608326
KB743700.1	39	780093	819878	178	-0.177776283378193	-1.27100418054
KB743700.1	40	800019	839940	155	-0.113741021974608	0.420260567638
KB743700.1	41	820021	859947	184	-0.053676298429389	2.0066576138
KB743700.1	42	840004	879979	254	-0.065131292380866	1.70411449871
KB743700.1	43	860070	899980	218	-0.090420964852269	1.03617732462
KB743700.1	44	880016	919798	200	-0.113451034007454	0.427919573247
KB743700.1	45	900013	939863	208	-0.129026977946076	0.0165361522128
KB743700.1	49	980125	1019895	200	-0.139338371100210	-0.255802796109
KB743700.1	50	1000015	1039953	271	-0.110335077872332	0.510216524218
KB743700.1	51	1020027	1059891	343	-0.081587263912656	1.26948826406
KB743700.1	52	1040113	1079948	304	-0.091002017601762	1.02083087315
KB743700.1	53	1060058	1099979	245	-0.117396273264079	0.323720044243
KB743700.1	54	1080039	1119926	272	-0.135571880799834	-0.156324288023
KB743700.1	67	1340107	1379982	316	-0.174411910481587	-1.1821461802
KB743700.1	70	1400024	1439974	287	-0.144514685837865	-0.392516825995
KB743700.1	71	1420030	1459935	259	-0.151894822271523	-0.587437004556
KB743712.1	0	1	36697	44	-0.101860634343840	0.734038950894
KB743712.1	1	0	0	0	NA	NA
KB743717.1	0	75	39193	146	-0.246075457140840	-3.07488507964
KB743717.1	1	20529	52900	76	-0.185835983976761	-1.48387264089
KB743774.1	0	351	39984	112	-0.332428400785849	-5.35559240068
KB743839.1	4	80100	119781	109	-0.140407397459777	-0.284037343095
KB743839.1	9	180059	219987	170	-0.140519107376921	-0.286987765108
KB743839.1	10	202372	238968	156	-0.142211153301911	-0.331677168454
KB743867.1	0	328	39899	98	-0.255846222163687	-3.33294524967
KB743869.1	2	40016	62796	131	-0.077951021562058	1.36552673363
KB743889.1	9	180020	219999	752	-0.128631422570660	0.0269833472071
KB743948.1	6	121199	159595	49	-0.130686940462794	-0.0273058814775
KB743948.1	11	220073	259860	64	-0.173758888312364	-1.16489891127
KB743948.1	12	240266	279782	83	-0.191575185656107	-1.63545333675
KB744056.1	0	1132	39948	8	NA	NA
KB744056.1	1	20292	56818	22	-0.290336727908506	-4.24388986416
KB744121.1	3	60033	88478	33	-0.135836646696199	-0.163317141916
KB744139.1	23	460071	499974	489	-0.103276043565793	0.696655926778
KB744170.1	25	500004	520001	461	-0.087928447934102	1.10200833563
KB744198.1	8	160504	199980	33	-0.177329698389621	-1.25920921896
KB744198.1	9	180685	219726	32	-0.189639460972085	-1.5843280216
KB744206.1	9	180002	219897	138	-0.159325285664032	-0.78368639158
KB744206.1	10	200007	220781	62	-0.204571272181837	-1.9786989568
KB744230.1	0	206	39939	186	-0.147130734265039	-0.461610484511
KB744230.1	1	20202	59980	228	-0.169400328355292	-1.0497829791
KB744230.1	2	40261	66655	180	-0.202519048356901	-1.92449672924
KB744262.1	0	44	39318	211	-0.186642220933021	-1.50516653605
KB744262.1	1	20505	59948	175	-0.178662113308633	-1.29440024236
KB744262.1	2	40131	79947	137	-0.218073492342758	-2.33531230513
KB744262.1	3	62063	99577	134	-0.145048238264777	-0.406608724602
KB744291.1	0	2	39926	176	-0.187330041758355	-1.5233328883
KB744484.1	0	107	39957	150	-0.187466326187792	-1.52693235906
KB744484.1	1	20100	43549	90	-0.223101910850250	-2.46812017964
KB744548.1	1	20004	49835	72	-0.248868657039316	-3.14865756716
KB744652.1	1	20021	48203	382	-0.129141271417142	0.0135174947681
KB744673.1	2	40157	79967	43	-0.164815592178567	-0.928693402736
KB744673.1	3	60009	99950	33	-0.185378202008527	-1.47178195073
KB744673.1	22	440062	479921	66	-0.164501459394311	-0.920396697255
KB744673.1	23	460297	497926	70	-0.313799790489524	-4.8635836041
KB744673.1	24	480285	519946	67	-0.332772380297413	-5.36467740181
KB744699.1	18	360022	399976	221	-0.127803240359428	0.0488568485909
KB744699.1	19	380395	419945	196	-0.107495654201027	0.58520984907
KB744699.1	20	400013	439740	131	-0.119744534818647	0.261699028014
KB744699.1	21	420319	459810	89	-0.182807050317105	-1.40387408055
KB745003.1	6	120842	159987	90	-0.206874201975016	-2.03952269502
KB745030.1	4	80172	117953	97	-0.303825604689585	-4.60015079434
KB745030.1	5	100293	139985	75	-0.391124260413183	-6.90583575217
KB745034.1	0	16	39930	45	-0.089726365677481	1.05452270298
KB745151.1	0	1	39448	70	-0.152100271725960	-0.592863224614
KB745151.1	1	20005	59393	50	-0.123189799742076	0.170704551137
KB745151.1	2	40043	78998	27	-0.092011330019343	0.994173458554
KB745238.1	0	1	39361	63	-0.213342705584111	-2.21036531966
KB745238.1	1	20741	58557	66	-0.234075616332785	-2.75795176356
KB745238.1	5	100021	139981	41	-0.241829200582069	-2.96273524418
KB745238.1	7	140249	179545	55	-0.185701537677975	-1.48032171784
KB745238.1	8	160652	199929	82	-0.127003972950649	0.069966667825
KB745238.1	10	200050	235936	60	-0.138604842815751	-0.236429243131
KB745353.1	0	176	39990	17	-0.500490412545878	-9.79435550975
KB745353.1	1	20462	45925	11	-0.675133654915560	-14.4069385281
KB745484.1	2	40176	76799	35	-0.238757561132761	-2.88160876159
KB746083.1	0	2	39584	103	-0.152252696895627	-0.596888995893
KB746083.1	1	20076	43484	71	-0.245217279628438	-3.05221935855
KB746317.1	0	15	39962	107	-0.271823931433139	-3.75493987969
KB746317.1	1	20160	54496	123	-0.203170823497537	-1.94171106232
KB746437.1	0	3	39979	321	-0.075615607270580	1.42720843488
KB746977.1	0	5497	37751	23	-0.104263235028809	0.670582758894
KB746977.1	1	22172	47340	28	-0.094309942428004	0.933463748759
KB747170.1	0	2	38031	206	-0.091610442281270	1.00476148903
KB747170.1	1	20291	48891	139	-0.107500996902859	0.585068740514
KB748461.1	0	3	39759	100	-0.236966826286755	-2.83431283975
KB748461.1	1	20048	59746	100	-0.216507344722561	-2.29394805983
KB748461.1	5	100012	139417	53	-0.103528893073845	0.689977802098
KB748461.1	8	160178	199750	77	-0.170177995656150	-1.07032230794
KB748461.1	9	180133	219932	72	-0.206368398233186	-2.0261636797
KB748461.1	10	200016	222952	28	-0.218959986754694	-2.35872591687
KB751826.1	2	40002	60068	239	-0.213841856160211	-2.22354861516
