[[-- -9.302895042330594 -1.6382248688242729 1.8823414729463466
  -0.49597834655252965 -0.3942770225910396 0.29999668023667625
  0.5037879886676675 0.45236928740248267 -0.6150822329567749
  -0.8079658426535936 0.8053795456269576 0.08549343007017657
  -0.8273681832620637 -1.6476037907080978 -1.402917112729545
  -0.7975138597753855 -2.223767297576488 -0.9253753660754783
  -1.3280481906785313 -- -3.820737435024048 -- -4.183472762191229 --]
 [14.990930632145883 -12.187599039468298 -4.869385867277273
  -4.791012806139422 -1.3688575947391355 -1.1433347858057277
  0.20513174076356144 0.00010451049543958568 -0.9126654292033316
  -0.25263713310309843 -1.1153334155077128 -0.6224722987440264
  -1.4706852350781354 -2.1755480303242445 -0.8431702955889737
  -0.7181917503248968 -0.8377489618035537 -2.11285921247521
  -1.2802249754056596 -1.77063467640633 -- -2.040062199755026
  -3.58541855004541 -3.4535918276508975 -5.998628544089965]
 [8.117832946588608 -10.916075360001512 -3.6590422869549606
  -2.962847824947133 -0.8705370996471414 0.8364813801446848
  -0.13031112239623927 0.254747535162755 -2.1083693434187873
  -0.9685165020635645 -2.383990041141722 0.1428113879665679
  -1.5369610241924292 -2.0487974809915244 -0.5638142416636485
  -1.619051915123089 -0.013666334294976034 -0.22370260021197688
  -0.19562579790103235 -- -- -2.559097059915783 -- -3.6112450208430658 --]
 [6.960045045917614 -9.311543577086914 -4.324013456702458
  -1.7085766543216483 -0.6392625618491196 1.4590362792232483
  -1.2079156529406112 -0.6345584623228595 0.5829202135762497
  -0.8601362208179875 -0.4804601745452154 -0.9700426572441205
  -0.7601028797675858 -0.47586227693265887 1.0803443936965926
  0.8206062021241978 -2.560489053168505 -0.46202042877852684
  -1.2548852000529762 -2.414167959543476 -1.2019140091570695
  -2.052228741423923 -3.7274966057917287 -2.0934332905807227 --]
 [5.046145163601069 -6.7776705710159035 -1.5322392125136974
  -0.3722625662483895 0.5526630992560967 0.25298010441478286
  0.9127202908846214 0.0722343304947655 0.11041850151491231
  -0.09603294875702531 0.010021653321212255 0.20204797022077564
  -1.1490664560991217 0.14356595207692296 -0.44008673071107446
  -0.9791818187985328 -2.032254741757901 -2.3587643241292477
  -2.520715654236637 -3.5162311368413093 -2.0328691790157296
  -2.490299915436698 -3.3693579558058495 -4.557069277327621
  -3.2853616584914]
 [3.7527092263242405 -4.143802669003895 -0.8742041957315946
  0.4463277552259323 1.9986997351997167 -0.6609530348505336
  1.0392968645545695 1.1313491906921307 0.8660792987833449
  0.10806541259090668 0.09907566168105984 -0.38790526725346824
  -0.44261463758070657 -0.28584517263192843 0.09207881002990315
  -0.48681154059582316 -0.48406999538174783 -0.5550990193233468
  -1.764434200577993 -2.6972157181439655 -1.6117938930291988
  -1.9657665957522226 -3.0265967086109002 -2.714401045934495 --]
 [2.163762428806229 -4.326359569564192 -0.06685645618491527
  0.46513828053791184 0.41308355805920904 0.8002725219206535
  1.372886528872824 1.8535698958663327 0.6988322748654598
  0.9097917570006671 1.2290153447480638 -0.0030494843355150856
  0.28805576594464105 0.06858842517850897 -0.5440839222636876
  -1.1711210173216013 -1.7775419415434128 -0.14380002748500523
  -1.770716426863949 -1.321581400373447 -2.6899711375726993
  -2.1608687743977413 -2.4923150946998063 -1.012621811995173 --]
 [2.341315119052989 -4.893124573696458 -0.9005818766499302
  0.31314337553101623 0.4082188072976356 1.0967453926770991
  0.9567577116578635 1.2484123536342655 1.51179013230735 0.3952523390096292
  1.6964640620738887 1.0294920126548777 1.1520274044436696
  0.3547869810070655 -0.7668952471103638 0.5237537796482533
  -0.5811789398566204 -0.9385412244941371 -1.3910885288958235
  -0.2166715508171127 -1.1466858853554713 -1.2331191183664212
  -2.658953639206613 -1.3931809568821352 -1.2001482816837414]
 [2.353683791808104 -3.0379289061896375 -0.7986747722813545
  1.361594251186354 0.889783233186948 1.6431914579852727 1.125946207355346
  0.9513005851770592 1.023835460741106 0.5451715349913835
  1.7959431085019564 0.4873836842099457 1.3331446154294155
  0.8966733576834818 1.0838870935354739 0.8879244089848265
  -0.1097034132081681 -0.9784364581431836 -1.2349739527577983
  -0.4195157754118102 -0.8922825773908761 -0.951781871655381
  -2.439646756927568 -2.6531674811812285 --]
 [1.2098185692077208 -1.7553035470396967 -0.06096518897504493
  0.48391127784695787 0.8212915420921816 1.533037225477038
  1.7173543716796724 1.7076473534530352 1.6398559993556032
  1.5189182086630437 1.1473051436747834 1.3530591172890947
  1.6965922689811845 1.2662181173069424 1.4688515764593006
  1.105268091525183 -0.19908693370627567 -0.06623026873500949
  -1.0667334221163705 -0.6525277805330355 -0.4287976819202777
  -0.08263056955011083 -2.7419017121095233 -3.3889440854355546
  -1.7637089909067996]
 [0.5874251671815536 -0.9375016622390107 0.44766808351755316
  0.5926591926028231 1.0498396694545025 1.8187144672405307
  2.067562593635521 2.668255190382344 1.9651486723440046 1.267555169379458
  1.0875723576148584 1.7882643801904974 1.6935135396261174
  1.0263313913507683 1.4710180000792714 1.6331759211562649
  0.4911737890695842 0.8512835871362511 -0.6122444420314644
  -1.3464229285629883 -0.017299233779567744 -1.2057561562474135
  -1.585174957668717 -2.811903749330506 -2.1633145110938328]
 [0.47458692796513824 -1.1131638848546428 -0.07694231307022316
  0.69410472373285 2.0151096889064712 2.2597799708183897 2.8486108523946108
  2.52700914689312 1.7305270476510464 1.3026314434141977 1.3013039441193694
  1.3130506704298115 1.9012556256955584 1.4476445744214947
  1.746309743199836 1.70325238028548 0.8497167869823405 1.0936682913555582
  -1.097951542649824 -1.4779005185100735 0.9115907208917617
  -1.4726196154108473 -1.81914750293611 -2.3185374687555194
  -2.3685901309565303]
 [1.6695735264889267 -1.0275866946822414 -1.0975437170556237
  0.7498197697427086 1.9550817979403319 2.0914861307589088
  1.913893454110805 1.5277898187139216 1.6634354173980168
  0.8768290833993824 1.7818027834384085 1.432798555052371
  1.1929228689993299 1.7815430907731564 1.03989603848487 0.7813067212202848
  0.8620849939585787 0.4562734289326742 -0.9897972424821405
  -0.785507761302753 0.5113984202865134 -0.023024696667210704
  -1.2275917515454358 -2.161160715058787 -2.5956350244761004]
 [1.2928538052319327 -0.8587480235493581 -0.6245327851285355
  0.47195056541704705 1.669589849975236 1.423665624203922
  1.1070094125782095 1.1218296360990005 1.4854849109037414
  1.689594537738982 2.4758297555808344 1.1079356899789405
  0.2404393544833505 1.2375328652432152 0.48714602190624307
  0.5239538006688654 0.6991281099766796 0.5475703689709158
  -0.17654574996782726 0.5474605701046057 0.788482374395244
  0.13494620655019143 -1.028195816140721 -1.6357843390941433
  -1.694600993484367]
 [0.36824185089626144 -0.5630413541921072 0.2122099030999408
  0.9333681712182208 1.7557340373325399 1.1810901398265325
  1.2703988662224892 1.5777036800810673 0.8026196845655721
  1.8136343496104246 2.080950780717382 0.9866884015678125
  0.8155870616583352 0.7733145967004225 1.1331874808372848
  1.1966315316960017 1.4533463144608625 0.5137242347870893
  0.569730427541798 0.7904590808014894 0.9839993607645905
  -0.969062972856629 -1.0472856269779844 -1.7514376954242659
  -1.0505429262003192]
 [-0.8931691985963867 -0.655388701860797 -0.8413813437820117
  1.1737277714828642 1.8345764913666314 1.1383547392821292
  1.922544325290285 1.449550866880616 1.0498579182402321 2.077069381332611
  1.7565576534866472 1.3792428902634162 2.105963420064182 1.24390746438568
  0.5277011731254435 1.034199094910984 1.8339398962091866
  0.5678000761775197 0.8183388992874947 0.48286904033584094
  0.6968444887676739 -0.4786146505608219 -0.6669782295789475
  -1.7969816724368377 -1.5726646238945288]
 [-1.3679856911015027 -0.28657836127335956 -0.35738046712479
  0.6572403060009065 1.770756338177525 1.149602160662594 1.0442265892807308
  1.0779098595764445 1.7147077577319283 2.387653757291158 1.345024858166979
  1.6941304760251805 1.1309815123669984 2.3081903572970464
  0.21534675578490145 0.8509455950856137 1.2246917790425909
  0.3453872716150953 0.12303531107569798 -0.20365734043382405
  0.7275182307994429 0.46563330467793856 -1.4860584279841638
  -1.6010484526282813 -1.4254338028130262]
 [-0.614715940485209 0.06819065881086328 -0.440892409485834
  0.1493830633952398 1.6282136470059758 0.6474056661205106
  0.1649111313658105 0.8434694321815382 1.6949496983553722
  2.0466659092239086 1.994507112001287 1.997663319442772
  -0.09911754124129746 2.8574091339299876 1.1446741288738567
  0.951789186287987 0.7408330392979056 -0.3004166792422783
  -0.653809708006917 -0.8194089549075146 -0.03457587086321058
  -0.3315981603119128 -1.5945166914190927 -2.803752417947672
  -0.37655604036380824]
 [-- -0.6872852054763257 -0.6153194644890485 -0.6194507623636047
  0.7856006158857969 0.1934920792798686 0.580717337982988
  1.1049041118939613 1.4909779974666777 1.4748305157354646
  0.6131965093594419 1.5094830892318034 0.5882526198777638
  1.4455177046507188 1.3192102873947222 1.0664080648263214
  0.6679142247118702 -0.1598716660814508 -0.5619498191701241
  0.5549681858273571 -0.0605397149981479 -1.3560546822418746
  -2.041324297180201 -2.544685032150369 -1.817595851239187]
 [-1.3171643885523572 -0.9195169465870291 -0.6828887598084616
  -0.9582922162095908 0.48645033989748204 0.6700605353416781
  0.16458348124046435 0.2998346013956939 1.2136288592703726
  1.2038214787656287 -0.15212494162762039 1.5961949179721258
  1.1295397717317792 0.9993506536234172 0.6120477626748376
  0.5154416401350848 1.0364040430545929 1.2402747484946135
  0.6265788656989052 0.7430860233704281 0.22042232960986952
  -1.3038430036438924 -1.3671377401702407 -2.950357265408845
  -1.2045556148914165]
 [-1.7613872776429338 -0.9325327622833449 -1.330222413304866
  0.036437205346411934 -0.6133952258423847 -0.38551588116772817
  0.2765513037701434 0.4385954426257847 1.7289408247654576
  1.5754018883241017 0.08141303310392148 1.4963865885228498
  0.5067369008012721 1.1859249168843664 -0.3563019194466472
  0.2071694271549615 0.18648227912204451 0.8245196851989157
  0.8758228924323089 1.1966457810386926 -0.7981127388870051
  -1.0684385843372144 0.5383419920699375 -2.7247003144001134
  0.6320311171044285]
 [-- -2.7411565577414994 -- -1.4054965141850295 -0.6734381026147449
  0.264075139613281 1.2276687552110535 0.37496366285604454
  2.461064986349864 1.6826668743960795 0.6913168855159464
  -0.2059674525357079 0.4975848324654083 0.5999459212867272
  0.552163465744462 0.09438944549132118 1.5621619423866968
  -0.2803081908697145 0.670987215453865 0.9891875420087094 -2.0229549239702
  -0.6200946806734667 -1.0699503406295332 -4.200616471282648
  -0.07119881562536798]
 [-- -3.632156646278635 -1.838065628522047 -2.169573752724722
  -1.2840694670349098 -0.6101154145985979 -0.161795430395029
  -0.2628297404181342 -- 1.2756748228187957 1.2635388044580762
  -0.1460785546754729 1.1187143355334548 1.2143206682450385
  0.7606835528289034 -0.13319295935558445 2.333664208318828
  1.659678322969607 0.18638645393710854 -1.2875432534778832
  -1.7385333563386667 -0.15976292173010345 -2.48317409897512
  -2.380873343832498 -0.6699779378451349]
 [-- -2.3802834646383415 -2.0816129747208154 -- -1.4722959037664323 -- --
  -0.846873091236645 0.7100508705927944 1.6767072650766537
  -0.5301368305059373 0.41038936927231795 1.0129614689404844
  -0.3382571716021632 0.20630141530279772 0.580975867637265
  0.2981518161507601 -0.388001443342259 0.3194224371346557
  -0.19685209668280054 -0.3091024930485327 -1.6546235790823454
  -1.5370406613028407 -5.607191205306721 0.04004649954720392]
 [-- -- -- -- -- -- -- -0.6462538023002725 -0.07399606544340757
  0.4441435429066356 0.06964870224139394 -1.0654593866512427
  1.0939135423703745 -0.4330410174304421 0.8652018134297493
  0.8971928317125424 0.5916639237626227 -0.8894476559613659
  1.3942988196851218 0.46212300598966577 -0.30298699793301986
  -2.0691487870733702 -2.875168303444606 -4.9812292952887915
  1.0422358655009951]
 [-- -- -- -- -- -- -- -- -- -0.310998856096216 -0.8388724574816212
  -0.6556344753509421 0.6192606078599192 0.682349663072991
  1.2788671090089632 0.40894301482866685 0.7661789421433955
  1.9109087324070289 0.12474113630133711 -0.4956589549685873
  -0.3628940140265036 -0.18945634294788635 -1.7458998271311654
  -4.09574941767474 2.9926962747760135]
 [-- -9.323055677500488 -- -- -6.701150234202077 -- -3.1619285248885114
  -1.4941633082340076 -3.2017957262506345 -1.9290092796106373
  -1.5837187581695555 -1.9299801633324836 -2.604170485481192
  -0.26793594102847185 -0.45712198214685434 -0.5683191925629875
  -2.4927761657239045 1.1673831696577655 -1.124540724887522
  -0.09056003014936465 0.3986285260894277 -1.5039505387685526
  -0.7818464341411541 -6.142981101983824 --]]
[[-- -141.6263285635405 -93.42475413452445 -66.62137945840674
  -65.39504605130861 -55.95469713996375 -45.45325306959297 -37.983227530903
  -32.480621973751674 -31.849290366024547 -28.53736447372635
  -18.801708786577557 -18.958370624093376 -20.526204679548393
  -22.377373893298405 -20.701418374902445 -18.357351438185866
  -24.94221649644015 -21.908658757155674 -27.178656083783594 --
  -52.8627646329946 -- -100.95810174012068 --]
 [-91.31089010251607 -116.42663056769618 -80.70776087298356
  -74.3379753058416 -55.20984850973048 -49.134931694266605
  -39.0372588732345 -35.49257076113795 -35.15644897476929
  -29.013556763436714 -29.29487841046982 -24.625242664493076
  -25.66522668797996 -26.558678445904093 -19.841420738908774
  -18.372017154697513 -18.405254668754594 -23.639491036947348
  -21.33901903882919 -25.330669319570383 -- -35.95176617250832
  -52.159796212343686 -69.93507969638709 -117.49522349383473]
 [-90.62647431678522 -106.44520146681704 -72.50953056782481
  -64.98703746648204 -52.17189286515312 -41.093586695057944
  -40.81405640573761 -35.4434975377241 -41.20148788055203
  -33.39733936188581 -35.98459546501376 -23.295961640172735
  -27.547158762952492 -27.513378388120728 -19.939559079746854
  -22.78595474415518 -15.544499258555062 -15.974323429480455
  -16.070836053514704 -- -- -32.25997716245858 -- -54.897180058926985 --]
 [-75.06041539154724 -94.96750286385647 -71.39704639060714
  -57.461925952210834 -49.67382021903398 -37.8658643840762
  -44.97080657606513 -39.385071562230614 -31.398371594424777
  -34.095958018421605 -29.78224408186778 -29.115721152741042
  -25.915807618303273 -22.673392368458533 -14.678372651965987
  -14.162813163432851 -26.324444121580246 -17.22837524968758
  -20.039392481054385 -24.91105440197679 -21.243262586284438
  -26.953029410529943 -37.92377355957752 -39.5754526947551 --]
 [-66.29538228244068 -79.78982697109923 -56.42775289271149
  -49.28864588501195 -42.97110293154051 -41.40956395395571
  -36.016806225085595 -36.55575326621072 -33.66293297454047
  -31.810671975451744 -28.826348179314497 -25.63152968769253
  -28.68902007592662 -21.476763890546515 -21.88328622525156
  -22.346645528321268 -25.10993850880244 -25.317989274364294
  -25.258981502876516 -28.979091006147602 -23.552193235949108
  -26.73192926699583 -33.069222147582906 -43.35223509761139
  -49.310503898100364]
 [-57.80552948638988 -64.34239108772398 -49.840704385301606
  -42.97760644411145 -34.986524729671636 -43.46121923088523
  -34.57394959483991 -31.956380980260416 -30.70658448560806
  -31.39669485435289 -29.152450888716906 -28.853136867276625
  -26.92961865819271 -24.281687450141128 -20.89871913841802
  -21.465709324897993 -19.937060209909074 -18.94538094291303
  -22.754507475454883 -25.85500504608837 -21.49180683699201
  -23.546194280158506 -29.532491180943094 -32.12142721758016 --]
 [-52.6557195867527 -60.25686459077999 -42.72173534366418 -39.7517428666005
  -38.808677737554696 -35.88356118199417 -32.027187420327785
  -28.381247292552466 -31.08705987648158 -28.32200307697312
  -25.089708724409796 -27.980332836639175 -24.873562192897843
  -23.835328862636374 -24.430451952847257 -25.19172910187077
  -26.014043453695457 -18.165008941850036 -23.433361541831783
  -20.797252412591956 -25.746490032819334 -23.768082683568313
  -26.070911549365615 -22.751698554500766 --]
 [-42.328003300684756 -57.990795380069564 -42.223669588103974
  -37.20659875584522 -36.28980264003429 -32.741408613971295
  -32.224999385971024 -29.80261300088823 -27.330622551443575
  -30.186361755054325 -23.394835473046317 -24.32013308200464
  -22.093599896080455 -23.498910175738253 -26.211898697948552
  -19.446457618590866 -22.23501333104977 -22.1923620101815
  -22.693482504966877 -16.99121699969123 -19.916253092836257
  -19.952047433697018 -25.963756401429222 -22.51065375317083
  -25.12617703733321]
 [-34.180642299768955 -46.49807411927635 -38.21815535931774
  -29.984154333099873 -31.817407753466558 -28.504529528672435
  -29.94707813039516 -29.806028110261867 -28.492484951827347
  -29.193459252121677 -22.92614359416137 -26.668300530083133
  -21.819653429395245 -21.988557129534133 -19.67026093857794
  -18.871951748790867 -21.277491247242384 -23.24296345517592
  -22.898312450193924 -18.47735115830891 -19.378161924408488
  -18.984599218592066 -24.760745639931553 -26.39602447349483 --]
 [-31.913375047383443 -37.63912302314165 -31.928652182538098
  -30.486881373860225 -29.537535242226042 -26.805465017173884
  -25.884862638394978 -25.487528925750635 -25.10408093804283
  -24.741589228886816 -25.206359444424066 -23.251078069864437
  -20.637681368172853 -20.993770858733544 -18.784307250299836
  -18.774444429701607 -22.471974799627777 -20.509797937298103
  -23.08230689015358 -20.16396077060469 -18.15790958468619
  -15.915681366632105 -25.945281068483848 -28.699935091909257
  -23.40756923306252]
 [-28.721950185723 -31.003016884284364 -26.80050186264506
  -27.24026183387878 -26.142855756196045 -23.526715575641113
  -22.70044047922469 -20.239939157581382 -22.70906603422097
  -24.95390480848338 -24.970928641200274 -21.345635633747612
  -20.72250702284331 -22.241231648188837 -19.267272993032037
  -17.33399669414137 -20.50326790459601 -17.711908868777783
  -22.134360387617114 -23.719542484754037 -17.245875135149127
  -20.8888409234633 -21.618199062127015 -26.19700076184876
  -24.067269535887828]
 [-24.513650094970256 -28.687204544206534 -26.03175678046524
  -24.199774909264764 -19.92913005644616 -19.65407103480625
  -17.773289542667598 -19.2580610819642 -22.400551742806282
  -23.881201497489506 -23.485129636274145 -22.86132775640536
  -19.798992295880613 -20.710029617488633 -18.521918136762867
  -17.57699721914139 -19.748382568219576 -17.5189268164786
  -24.877693085019423 -25.07205546061832 -14.358618251911313
  -22.606027498440394 -22.98810024553106 -24.32925226731966
  -24.47549541395616]
 [-16.02340352225323 -25.738717038842527 -27.51501197131716
  -21.540692757065695 -17.88824108251671 -18.240926938596473
  -19.618356161567384 -21.608427350047826 -21.331168547010165
  -24.500207868281496 -20.793872116335415 -21.86198315401155
  -22.327938106304067 -19.3604224138 -21.503679764946842
  -21.605969252167892 -20.251349638759958 -20.722438990957023
  -25.228909126630025 -23.163820311040265 -16.765034747027386
  -17.634522137394747 -21.255308127941568 -24.037284472886313
  -25.40285407276853]
 [-14.547810863287669 -22.867202346393793 -23.401771363253335
  -20.421352516084635 -16.884677551404522 -18.881367980137014
  -20.978911675144538 -21.584200040711156 -20.627280827118664
  -20.117630776348243 -17.12610539910581 -22.469583474909445
  -25.662332844457502 -21.319447234755295 -23.723468516103704
  -22.86697363189153 -21.325406920420782 -20.950290016938926
  -22.72934561008937 -18.697028383569616 -16.51093015581355
  -17.833475357665456 -21.198289725773154 -22.49542945635591
  -22.248883730431814]
 [-15.984767673565527 -19.910830327353846 -18.172739755239988
  -16.62203788490697 -14.582714365124675 -17.94719387186325
  -18.55317580898068 -18.151136518019424 -21.871682120101955
  -18.372743757839 -17.647951321929714 -22.136881223805144
  -22.809752603495703 -22.80671026114674 -21.0502199518259
  -20.305294209784815 -18.642775009768243 -21.562452200009197
  -20.41235395328952 -18.489901284712264 -16.571849370100818
  -23.059853688697054 -22.101511113040573 -23.656034488462648
  -20.449664292368947]
 [-19.47328282250248 -18.923250900063103 -20.755455463691277
  -13.959941689381681 -12.50429111616645 -16.355391720518735
  -14.271121291269909 -17.049995601398017 -19.418697324966402
  -16.015887272308458 -17.797237726406735 -19.65359419258506
  -16.991627030549207 -20.44904107756131 -23.16813501904739
  -20.892316577362752 -17.2955534017482 -21.703586504208563
  -19.963022583595933 -20.390815102015154 -18.510480829880002
  -22.00068273384419 -21.496490360882227 -24.678425088495505
  -23.574081502425873]
 [-20.58157081904774 -16.580620762737436 -17.630401274236654
  -14.579008558571216 -11.211338001970521 -14.710020608897919
  -16.140470683303818 -16.96238979923336 -15.319733963913531
  -13.435445064378419 -18.217624194187948 -17.374033131789997
  -19.999432975555994 -15.601956762665361 -23.975069207240928
  -21.407116724509528 -19.7111440948764 -22.80141618149381
  -23.12849097657868 -23.701716181036435 -19.141037073689365
  -19.139645701466506 -25.675898843421333 -24.857669345529274
  -24.353752924213858]
 [-17.61726918538295 -14.814220770500595 -17.157386782862055
  -15.489015509703945 -10.483595190975013 -15.284763877197873
  -18.14723077104329 -16.413129531298125 -13.95835304425343
  -13.41807843788869 -14.393986355587966 -15.054706937350037
  -23.902989356844092 -12.656477634523085 -19.72645581368195
  -20.64335794267096 -21.475619431188747 -25.424933269289685
  -26.484722582484206 -26.625646906543736 -22.82992056240725
  -23.127746781513604 -27.06561378953634 -30.648425830986927
  -21.863578347780884]
 [-- -18.042474511393635 -17.51447564696206 -17.804319479783963
  -12.81860185837488 -15.89768554354677 -15.204470547921192
  -14.017745130836722 -13.387683872479235 -14.329070303287835
  -18.569715085632186 -15.800448015183447 -20.132810359220496
  -17.338772727893033 -18.318319899188797 -19.669765267869394
  -21.45525527829863 -24.782608155074097 -26.2606912381811
  -21.557406558582507 -23.511565028432766 -27.954894627350335
  -29.78391230864031 -30.718591839199547 -29.50545701379924]
 [-23.3130976868949 -19.948768522870875 -18.015530366168655
  -18.86614784705335 -13.360140830393219 -13.112004376599117
  -15.762106303755457 -15.990250353868925 -13.205579721544302
  -14.099535333918263 -20.313298563182848 -14.23468878906376
  -16.863378897667577 -18.096335544937514 -20.26067451239699
  -21.17359355862905 -19.525943763074324 -18.99441693624495
  -21.540035696280803 -21.02936646670979 -22.857429513148183
  -28.440366617771687 -28.033912281912237 -33.441539349302985
  -29.32492760968525]
 [-28.542892359266578 -21.960323880518846 -21.525714407698207
  -15.21396385405283 -17.505669908042837 -16.729358844914668
  -14.504007621937362 -14.43677358691162 -10.034192312629449
  -11.418173341294427 -18.145897168004343 -13.395574088623707
  -18.141448910225208 -16.262912539746516 -23.11286546811486
  -21.570351607626506 -22.24537277872665 -20.205919013075047
  -20.35347847139773 -19.283163586254666 -27.18947292546463
  -28.084530085118427 -21.346441797453565 -33.66050310643914
  -24.611120743882136]
 [-- -32.41608491056018 -- -21.924553732307402 -18.114436770532865
  -14.060124868856022 -- -13.957607390356232 -- -9.92032265432525
  -14.57140588783408 -18.916044580505176 -16.971540007198747
  -17.415241544147552 -18.44148337038211 -21.054903750982625
  -16.003538174348776 -23.956619334374857 -20.768436489645133
  -19.95771195783361 -32.15851153017156 -26.735459898357348
  -28.435402294450387 -40.553888810727884 -30.246709200590495]
 [-- -41.24891218949371 -28.765944608293577 -26.98891509443579
  -21.691162909133876 -18.032235336697166 -15.80398908896824
  -16.1280637976393 -- -10.666308731857232 -11.28666980165054
  -17.548766087432572 -13.32850979447393 -13.78793172394442
  -16.452102970608863 -20.86671044274642 -11.987448893885668
  -15.48486918985517 -22.0811616270096 -28.59449222207575
  -30.952524829382128 -25.147891728988448 -34.59842063113639
  -34.322878542037316 -35.79453559296375]
 [-- -44.834310054169435 -35.22557582312558 -- -24.782058790622365 -- --
  -18.6421104000372 -- -- -17.584616094166655 -14.370084600146415
  -12.635301212778828 -18.734398134862666 -17.42690004676993
  -16.851521383199128 -18.91181075651267 -22.5799915276324
  -20.730802877457094 -23.682244646542117 -24.97455004865573
  -31.049808878612577 -31.227724809544227 -47.871051673160096
  -36.510577409756706]
 [-- -- -- -- -- -- -- -18.936628403115527 -15.847678745896081 --
  -14.813965422812343 -19.498625453532757 -11.379114612705543
  -18.004649126668028 -13.610828780535565 -14.34024819044879
  -16.49870526183288 -23.37550301340893 -15.423695628880566
  -20.207531886513245 -24.332823028024652 -32.39013342524922
  -36.60777800742782 -45.953525213300686 -36.43147364919493]
 [-- -- -- -- -- -- -- -- -- -17.303954454392287 -18.709967407194547
  -17.694366776236482 -12.680766874792765 -12.719286313880101
  -10.872728071640692 -15.012923503995296 -14.468943886003727
  -10.955767032960113 -19.147463925297153 -22.83391645161711
  -23.625029936998505 -24.31571985568166 -31.88735538663337
  -42.676257892012245 -32.99366597596554]
 [-- -168.0814775223413 -- -- -74.13762624801659 -- -42.31503955361081
  -30.608135824574916 -33.74140903175081 -26.181986363121734
  -23.104620984335956 -23.397721535551415 -25.502833670058468
  -16.143857750672975 -17.1412844507067 -18.16820226975883
  -26.67373748013008 -13.406879253964892 -23.952691540348045
  -21.643877168587196 -21.78134175226585 -31.673938029871923
  -31.51609864737257 -55.779776637860174 --]]
